1 0.8813349814585909 0.601 0.0519159456118665 0.094
2 0.3677379480840544 0.512 0.7033374536464772 0.876
2 0.5339925834363412 0.695 0.12360939431396786 0.21
2 0.622991347342398 0.537 0.21508034610630408 0.346
2 0.365265760197775 0.522 0.2558714462299135 0.336
2 0.24351050679851668 0.336 0.3337453646477132 0.4
2 0.11990111248454882 0.587 0.1903584672435105 0.426
2 0.07354758961681088 0.65 0.14709517923362175 0.372
2 0.2552533992583436 0.732 0.32014833127317677 0.452
2 0.6168108776266996 0.72 0.19283065512978986 0.404
2 0.34239802224969096 0.374 0.6032138442521632 0.232