2 0.6496212121212122 0.5162689804772235 0.6603535353535354 0.9457700650759219
2 0.45707070707070707 0.5 0.2601010101010101 0.4967462039045553
2 0.4292929292929293 0.7537960954446855 0.18434343434343434 0.40563991323210413
2 0.46085858585858586 0.8297180043383948 0.14393939393939395 0.35357917570498915
2 0.7954545454545454 0.7527114967462039 0.24242424242424243 0.39913232104121477
2 0.7758838383838383 0.8633405639913232 0.09974747474747475 0.2386117136659436
2 0.8863636363636364 0.7668112798264642 0.15404040404040403 0.40997830802603036
2 0.67739898989899 0.227765726681128 0.375 0.42516268980477223
2 0.5012626262626263 0.37852494577006507 0.3712121212121212 0.3492407809110629
2 0.7695707070707071 0.45336225596529284 0.2689393939393939 0.3383947939262473
0 0.2361111111111111 0.571583514099783 0.1388888888888889 0.7266811279826464
0 0.24305555555555555 0.32212581344902386 0.0946969696969697 0.25379609544468545
0 0.21906565656565657 0.3199566160520607 0.1351010101010101 0.227765726681128
0 0.21085858585858586 0.5704989154013015 0.09595959595959595 0.21258134490238612
1 0.13636363636363635 0.7288503253796096 0.10858585858585859 0.3383947939262473
1 0.1294191919191919 0.7060737527114967 0.07449494949494949 0.16268980477223427