0 0.2331334332833583 0.5824053452115813 0.12743628185907047 0.8396436525612472
0 0.3695652173913043 0.5456570155902004 0.13043478260869565 0.6102449888641426
0 0.553223388305847 0.5935412026726058 0.095952023988006 0.5144766146993318
0 0.25262368815592207 0.24498886414253898 0.0944527736131934 0.1291759465478842
0 0.3545727136431784 0.3285077951002227 0.07946026986506746 0.1403118040089087
0 0.5517241379310345 0.43875278396436523 0.095952023988006 0.155902004454343
0 0.24437781109445278 0.39420935412026725 0.09895052473763119 0.44543429844098
0 0.36656671664167917 0.44320712694877507 0.12743628185907047 0.39198218262806234
0 0.547976011994003 0.5590200445434298 0.08245877061469266 0.4142538975501114
1 0.4617691154422789 0.5111358574610245 0.050974512743628186 0.2561247216035635
1 0.46851574212893554 0.43875278396436523 0.05547226386806597 0.09799554565701558
2 0.4550224887556222 0.14699331848552338 0.4782608695652174 0.22717149220489977
2 0.05622188905547226 0.45879732739420936 0.09745127436281859 0.33853006681514475
2 0.0952023988005997 0.5979955456570156 0.18440779610194902 0.755011135857461
2 0.5779610194902549 0.8530066815144766 0.2623688155922039 0.22271714922049