2 0.1359039190897598 0.60913140311804 0.24146649810366624 0.5991091314031181
2 0.561314791403287 0.2973273942093541 0.27307206068268014 0.33184855233853006
2 0.15360303413400758 0.7126948775055679 0.19848293299620734 0.32962138084632514
1 0.4620733249051833 0.7817371937639198 0.12010113780025285 0.31625835189309576
1 0.4860935524652339 0.6859688195991092 0.12262958280657396 0.1603563474387528
1 0.9310998735777497 0.765033407572383 0.10745891276864729 0.5144766146993318
1 0.9292035398230089 0.6525612472160356 0.08849557522123894 0.2984409799554566
0 0.336283185840708 0.5434298440979956 0.15676359039190899 0.8151447661469933
0 0.7920353982300885 0.5256124721603563 0.18836915297092288 0.8641425389755011
0 0.8021491782553729 0.20378619153674832 0.1276864728192162 0.24276169265033407
0 0.3331226295828066 0.2561247216035635 0.11504424778761062 0.23608017817371937
0 0.7635903919089759 0.40311804008908686 0.10872313527180784 0.48997772828507796
0 0.7642225031605563 0.6625835189309577 0.14032869785082175 0.5991091314031181
0 0.3065739570164349 0.4799554565701559 0.1125158027812895 0.2873051224944321
0 0.30783817951959547 0.6703786191536748 0.1554993678887484 0.6057906458797327