0 0.7263556116015133 0.7120075046904315 0.2698612862547289 0.5947467166979362
0 0.49558638083228246 0.7523452157598499 0.19419924337957126 0.4352720450281426
0 0.3493064312736444 0.5684803001876173 0.2421185372005044 0.7542213883677298
0 0.2944514501891551 0.2945590994371482 0.10718789407313997 0.22138836772983114
0 0.38209331651954603 0.2776735459662289 0.1008827238335435 0.1951219512195122
0 0.510718789407314 0.5938086303939962 0.10592686002522068 0.15947467166979362
0 0.6727616645649432 0.4924953095684803 0.11727616645649433 0.1669793621013133
0 0.6904161412358134 0.774859287054409 0.19041614123581338 0.12382739212007504
0 0.43757881462799497 0.7317073170731707 0.10592686002522068 0.13883677298311445
0 0.3316519546027743 0.5084427767354597 0.15384615384615385 0.15384615384615385
1 0.5914249684741488 0.900562851782364 0.2849936948297604 0.1801125703564728
2 0.32723833543505676 0.05909943714821764 0.5359394703656999 0.12570356472795496
2 0.11475409836065574 0.5112570356472795 0.21185372005044137 0.8799249530956847