2 0.1851063829787234 0.31552587646076796 0.3702127659574468 0.5175292153589316
2 0.8319148936170213 0.36811352253756263 0.2624113475177305 0.2587646076794658
2 0.8936170212765957 0.5926544240400667 0.18156028368794327 0.41402337228714525
1 0.7453900709219858 0.7537562604340567 0.2794326241134752 0.5325542570951586
1 0.7304964539007093 0.5818030050083473 0.18439716312056736 0.18864774624373956
1 0.6921985815602837 0.7420701168614358 0.15886524822695036 0.4991652754590985
1 0.7737588652482269 0.7445742904841403 0.19148936170212766 0.4974958263772955
0 0.49645390070921985 0.506677796327212 0.2553191489361702 0.9833055091819699
0 0.5326241134751774 0.15442404006677796 0.16595744680851063 0.2387312186978297
0 0.5120567375886524 0.2570951585976628 0.21560283687943263 0.41068447412353926
0 0.4929078014184397 0.27128547579298834 0.23404255319148937 0.4958263772954925