0 0.4100169779286927 0.7673130193905817 0.06281833616298811 0.34349030470914127
0 0.4592529711375212 0.7520775623268698 0.03904923599320883 0.3462603878116344
0 0.5118845500848896 0.7686980609418282 0.0730050933786078 0.3628808864265928
0 0.5713073005093379 0.7576177285318559 0.0831918505942275 0.32409972299168976
0 0.6528013582342954 0.775623268698061 0.10696095076400679 0.3490304709141274
0 0.40407470288624786 0.6454293628808865 0.04753820033955857 0.060941828254847646
0 0.4541595925297114 0.6246537396121884 0.03904923599320883 0.07479224376731301
0 0.49151103565365023 0.6357340720221607 0.035653650254668934 0.06371191135734072
0 0.5585738539898133 0.6440443213296398 0.04753820033955857 0.06925207756232687
0 0.634125636672326 0.6662049861495845 0.07640067911714771 0.06925207756232687
0 0.631578947368421 0.6523545706371191 0.06451612903225806 0.08587257617728532
0 0.5280135823429541 0.6481994459833795 0.298811544991511 0.0997229916897507
0 0.5585738539898133 0.8337950138504155 0.3735144312393888 0.3878116343490305
1 0.8505942275042445 0.8864265927977839 0.03735144312393888 0.055401662049861494
1 0.8633276740237691 0.8822714681440443 0.1035653650254669 0.1745152354570637
1 0.8760611205432938 0.8822714681440443 0.06112054329371817 0.10249307479224377
2 0.764855687606112 0.6246537396121884 0.13752122241086587 0.19113573407202217
2 0.8446519524617997 0.5692520775623269 0.0967741935483871 0.1745152354570637
2 0.053480475382003394 0.6717451523545707 0.0967741935483871 0.13573407202216067
2 0.0466893039049236 0.6800554016620498 0.0899830220713073 0.08033240997229917
2 0.05178268251273345 0.682825484764543 0.05263157894736842 0.06925207756232687
2 0.056876061120543296 0.8448753462603878 0.06960950764006792 0.07756232686980609
2 0.07045840407470289 0.8462603878116344 0.11375212224108659 0.2188365650969529
2 0.7487266553480475 0.6371191135734072 0.05432937181663837 0.055401662049861494
2 0.7376910016977929 0.6537396121883656 0.07640067911714771 0.0664819944598338
2 0.732597623089983 0.6509695290858726 0.04923599320882852 0.055401662049861494
2 0.8412563667232598 0.6011080332409973 0.059422750424448216 0.11634349030470914
2 0.8769100169779287 0.5844875346260388 0.028862478777589132 0.11080332409972299
2 0.7563667232597623 0.6703601108033241 0.1307300509337861 0.07756232686980609