0 0.19501278772378516 0.1488095238095238 0.08823529411764706 0.1717687074829932
0 0.21994884910485935 0.483843537414966 0.0792838874680307 0.1445578231292517
0 0.08567774936061381 0.20068027210884354 0.1329923273657289 0.19727891156462585
0 0.079923273657289 0.39625850340136054 0.14194373401534527 0.391156462585034
0 0.9213554987212276 0.08078231292517007 0.14705882352941177 0.15476190476190477
0 0.9117647058823529 0.11734693877551021 0.17647058823529413 0.22108843537414966
0 0.309462915601023 0.41581632653061223 0.10485933503836317 0.10034013605442177
0 0.3516624040920716 0.5255102040816326 0.16879795396419436 0.272108843537415
1 0.22250639386189258 0.7916666666666666 0.13554987212276215 0.26360544217687076
1 0.26214833759590794 0.6802721088435374 0.07672634271099744 0.09523809523809523
1 0.7448849104859335 0.8171768707482994 0.20332480818414322 0.32482993197278914
1 0.7595907928388747 0.8231292517006803 0.1815856777493606 0.32653061224489793
2 0.6278772378516624 0.38010204081632654 0.2020460358056266 0.3078231292517007
2 0.760230179028133 0.2687074829931973 0.2289002557544757 0.1598639455782313
2 0.5057544757033248 0.2653061224489796 0.4539641943734015 0.17346938775510204
2 0.48145780051150894 0.3792517006802721 0.12404092071611253 0.09183673469387756