2 0.13675213675213677 0.6505576208178439 0.27350427350427353 0.48698884758364314
2 0.8858363858363858 0.6189591078066915 0.2039072039072039 0.43866171003717475
2 0.2851037851037851 0.2853159851301115 0.3137973137973138 0.2174721189591078
2 0.14407814407814407 0.6263940520446096 0.2564102564102564 0.40892193308550184
2 0.8663003663003663 0.6728624535315985 0.23321123321123322 0.2936802973977695
2 0.7643467643467643 0.3020446096654275 0.31013431013431014 0.24721189591078066
1 0.6111111111111112 0.5892193308550185 0.17216117216117216 0.17843866171003717
1 0.63003663003663 0.7286245353159851 0.19536019536019536 0.5241635687732342
1 0.6202686202686203 0.7434944237918215 0.1684981684981685 0.5055762081784386
0 0.5543345543345544 0.3308550185873606 0.10256410256410256 0.20446096654275092
0 0.394993894993895 0.5074349442379182 0.2454212454212454 0.13382899628252787
0 0.703907203907204 0.4739776951672863 0.18925518925518925 0.08921933085501858