0 0.51484375 0.09042553191489362 0.0796875 0.13829787234042554
0 0.49296875 0.16914893617021276 0.1296875 0.33404255319148934
0 0.46484375 0.18936170212765957 0.1828125 0.2936170212765957
1 0.61640625 0.14680851063829786 0.0953125 0.16170212765957448
1 0.625 0.14893617021276595 0.0625 0.12340425531914893
2 0.24453125 0.8159574468085107 0.4296875 0.4021276595744681
2 0.46171875 0.6936170212765957 0.7703125 0.3872340425531915
2 0.7109375 0.7340425531914894 0.378125 0.39574468085106385
2 0.49375 0.7148936170212766 0.59375 0.3446808510638298
2 0.06796875 0.8127659574468085 0.1203125 0.19574468085106383
2 0.22890625 0.8265957446808511 0.3109375 0.3595744680851064
2 0.5359375 0.7914893617021277 0.36875 0.3276595744680851
2 0.7984375 0.752127659574468 0.328125 0.42340425531914894