0 0.6644021739130435 0.5900195694716243 0.29891304347826086 0.8277886497064579
0 0.5088315217391305 0.3493150684931507 0.12092391304347826 0.24070450097847357
0 0.264945652173913 0.6516634050880626 0.18206521739130435 0.5166340508806262
0 0.6372282608695652 0.2671232876712329 0.1358695652173913 0.162426614481409
0 0.5360054347826086 0.5782778864970646 0.11277173913043478 0.0684931506849315
0 0.5115489130434783 0.3199608610567515 0.09646739130434782 0.15851272015655576
0 0.30502717391304346 0.45303326810176126 0.11548913043478261 0.14285714285714285
1 0.436820652173913 0.723091976516634 0.2269021739130435 0.5264187866927593
1 0.468070652173913 0.5675146771037182 0.13179347826086957 0.17221135029354206
2 0.5740489130434783 0.09784735812133072 0.6290760869565217 0.21135029354207435
2 0.8804347826086957 0.547945205479452 0.1956521739130435 0.7475538160469667
2 0.9164402173913043 0.6330724070450098 0.15896739130434784 0.6594911937377691