2 0.8150105708245243 0.48717948717948717 0.2854122621564482 0.3452991452991453
2 0.2357293868921776 0.5273504273504274 0.12473572938689217 0.2717948717948718
2 0.1522198731501057 0.4863247863247863 0.26215644820295986 0.5692307692307692
2 0.1416490486257928 0.2341880341880342 0.20718816067653276 0.3076923076923077
2 0.7251585623678647 0.18461538461538463 0.21987315010570824 0.1606837606837607
2 0.7441860465116279 0.29914529914529914 0.28752642706131076 0.15042735042735042
2 0.766384778012685 0.4205128205128205 0.2219873150105708 0.1811965811965812
2 0.7124735729386892 0.5264957264957265 0.13107822410147993 0.11623931623931624
2 0.8921775898520085 0.24615384615384617 0.21141649048625794 0.19829059829059828
1 0.45771670190274844 0.5401709401709401 0.28118393234672306 0.19145299145299147
1 0.5158562367864693 0.5188034188034188 0.1522198731501057 0.17264957264957265
1 0.45771670190274844 0.5264957264957265 0.26004228329809725 0.15042735042735042
1 0.5295983086680761 0.47435897435897434 0.10782241014799154 0.08034188034188035
0 0.45771670190274844 0.24700854700854702 0.20930232558139536 0.3811965811965812
0 0.4450317124735729 0.12136752136752137 0.12896405919661733 0.10256410256410256
0 0.44714587737843553 0.1564102564102564 0.1416490486257928 0.17606837606837608
0 0.4408033826638478 0.20256410256410257 0.17124735729386892 0.27521367521367524
0 0.48520084566596194 0.23333333333333334 0.12896405919661733 0.27521367521367524
0 0.4154334038054968 0.2076923076923077 0.10782241014799154 0.2547008547008547