2 0.11837237977805179 0.2581967213114754 0.21454993834771888 0.3743169398907104
2 0.27805178791615287 0.2185792349726776 0.22318125770653513 0.36065573770491804
2 0.4593094944512947 0.17486338797814208 0.16646115906288533 0.3442622950819672
2 0.6011097410604193 0.15437158469945356 0.16892725030826142 0.3633879781420765
2 0.7546239210850801 0.1885245901639344 0.16769420468557336 0.36065573770491804
2 0.906288532675709 0.17349726775956284 0.2096177558569667 0.3469945355191257
2 0.11960542540073983 0.7103825136612022 0.22688039457459927 0.40437158469945356
2 0.31442663378545005 0.680327868852459 0.20715166461159062 0.36065573770491804
2 0.49815043156596794 0.6639344262295082 0.2342786683107275 0.40437158469945356
2 0.6985203452527744 0.6816939890710383 0.19852034525277434 0.3633879781420765
2 0.8958076448828607 0.6926229508196722 0.23057953144266338 0.3633879781420765
2 0.9260172626387176 0.19808743169398907 0.10357583230579531 0.1830601092896175
2 0.7644882860665845 0.19398907103825136 0.10850801479654747 0.22404371584699453
2 0.6152897657213316 0.19808743169398907 0.09617755856966707 0.19398907103825136
2 0.4623921085080148 0.21174863387978143 0.12330456226880394 0.19398907103825136
2 0.2971639950678175 0.20765027322404372 0.15536374845869297 0.20765027322404372
2 0.14241676942046855 0.1885245901639344 0.12946979038224415 0.22404371584699453
2 0.07398273736128237 0.23633879781420766 0.11837237977805179 0.20491803278688525
2 0.07891491985203453 0.7404371584699454 0.12083847102342787 0.20218579234972678
2 0.18372379778051787 0.6885245901639344 0.11344019728729964 0.20218579234972678
2 0.31011097410604194 0.6912568306010929 0.0998766954377312 0.26229508196721313
2 0.3588162762022195 0.6871584699453552 0.1060419235511714 0.1721311475409836
2 0.4815043156596794 0.7158469945355191 0.10727496917385944 0.2185792349726776
2 0.530826140567201 0.662568306010929 0.1442663378545006 0.2923497267759563
2 0.6831072749691739 0.7117486338797814 0.09864364981504316 0.21584699453551912
2 0.7546239210850801 0.6707650273224044 0.09864364981504316 0.23770491803278687
2 0.8588162762022195 0.6693989071038251 0.08754623921085081 0.18579234972677597
2 0.9001233045622689 0.6871584699453552 0.1282367447595561 0.2923497267759563
2 0.9482120838471023 0.7131147540983607 0.11344019728729964 0.29508196721311475