2 0.707983193277311 0.3875 0.3277310924369748 0.41388888888888886
2 0.7100840336134454 0.6708333333333333 0.4957983193277311 0.4861111111111111
2 0.8109243697478992 0.2722222222222222 0.42016806722689076 0.46111111111111114
1 0.18907563025210083 0.7652777777777777 0.21008403361344538 0.41388888888888886
1 0.21953781512605042 0.6361111111111111 0.14915966386554622 0.17777777777777778
1 0.20063025210084034 0.7555555555555555 0.1407563025210084 0.39444444444444443
0 0.25210084033613445 0.24305555555555555 0.17647058823529413 0.4305555555555556
0 0.4254201680672269 0.2611111111111111 0.15756302521008403 0.37777777777777777
0 0.4096638655462185 0.49166666666666664 0.12184873949579832 0.9166666666666666
0 0.27205882352941174 0.275 0.15756302521008403 0.48333333333333334
0 0.29516806722689076 0.10555555555555556 0.11974789915966387 0.20555555555555555
0 0.4275210084033613 0.16944444444444445 0.12815126050420167 0.13333333333333333